
  T 1:
  0.13224 -0.99122  0.00000  0.00000
  0.99122  0.13224  0.00000  0.00000
  0.00000  0.00000  1.00000  0.00000
  0.00000  0.00000  0.00000  1.00000

  now we multiply the previous result * T 2:
  0.13224 -0.99122  0.00000  0.00000       0.89015  0.45567  0.00000  2.00000
  0.99122  0.13224  0.00000  0.00000      -0.45567  0.89015  0.00000  0.00000
  0.00000  0.00000  1.00000  0.00000       0.00000  0.00000  1.00000  0.00000
  0.00000  0.00000  0.00000  1.00000       0.00000  0.00000  0.00000  1.00000

  we get:
  0.56938 -0.82207  0.00000  0.26448
  0.82207  0.56938  0.00000  1.98244
  0.00000  0.00000  1.00000  0.00000
  0.00000  0.00000  0.00000  1.00000

  now we multiply the previous result * T 3:
  0.56938 -0.82207  0.00000  0.26448       0.82791  0.56086  0.00000  2.00000
  0.82207  0.56938  0.00000  1.98244      -0.56086  0.82791  0.00000  0.00000
  0.00000  0.00000  1.00000  0.00000       0.00000  0.00000  1.00000  0.00000
  0.00000  0.00000  0.00000  1.00000       0.00000  0.00000  0.00000  1.00000

  we get:
  0.93246 -0.36127  0.00000  1.40324
  0.36127  0.93246  0.00000  3.62658
  0.00000  0.00000  1.00000  0.00000
  0.00000  0.00000  0.00000  1.00000

  now we multiply the previous result * T 4:
  0.93246 -0.36127  0.00000  1.40324       0.95953  0.28160  0.00000  2.00000
  0.36127  0.93246  0.00000  3.62658      -0.28160  0.95953  0.00000  0.00000
  0.00000  0.00000  1.00000  0.00000       0.00000  0.00000  1.00000  0.00000
  0.00000  0.00000  0.00000  1.00000       0.00000  0.00000  0.00000  1.00000

  we get:
  0.99646 -0.08406  0.00000  3.26816
  0.08406  0.99646  0.00000  4.34912
  0.00000  0.00000  1.00000  0.00000
  0.00000  0.00000  0.00000  1.00000

  now we multiply the previous result * T 5:
  0.99646 -0.08406  0.00000  3.26816       0.95956  0.28152  0.00000  2.00000
  0.08406  0.99646  0.00000  4.34912      -0.28152  0.95956  0.00000  0.00000
  0.00000  0.00000  1.00000  0.00000       0.00000  0.00000  1.00000  0.00000
  0.00000  0.00000  0.00000  1.00000       0.00000  0.00000  0.00000  1.00000

  we get:
  0.97982  0.19986  0.00000  5.26108
 -0.19986  0.97982  0.00000  4.51724
  0.00000  0.00000  1.00000  0.00000
  0.00000  0.00000  0.00000  1.00000

  now we multiply the previous result * T 6:
  0.97982  0.19986  0.00000  5.26108       0.97016  0.24245  0.00000  2.00000
 -0.19986  0.97982  0.00000  4.51724      -0.24245  0.97016  0.00000  0.00000
  0.00000  0.00000  1.00000  0.00000       0.00000  0.00000  1.00000  0.00000
  0.00000  0.00000  0.00000  1.00000       0.00000  0.00000  0.00000  1.00000

  we get:
  0.90213  0.43146  0.00000  7.22073
 -0.43146  0.90213  0.00000  4.11751
  0.00000  0.00000  1.00000  0.00000
  0.00000  0.00000  0.00000  1.00000

  now we multiply the previous result * T 7:
  0.90213  0.43146  0.00000  7.22073       0.98593  0.16713  0.00000  2.00000
 -0.43146  0.90213  0.00000  4.11751      -0.16713  0.98593  0.00000  0.00000
  0.00000  0.00000  1.00000  0.00000       0.00000  0.00000  1.00000  0.00000
  0.00000  0.00000  0.00000  1.00000       0.00000  0.00000  0.00000  1.00000

  we get:
  0.81734  0.57616  0.00000  9.02500
 -0.57616  0.81734  0.00000  3.25460
  0.00000  0.00000  1.00000  0.00000
  0.00000  0.00000  0.00000  1.00000

  now we multiply the previous result * T 8:
  0.81734  0.57616  0.00000  9.02500       0.99809  0.06178  0.00000  2.00000
 -0.57616  0.81734  0.00000  3.25460      -0.06178  0.99809  0.00000  0.00000
  0.00000  0.00000  1.00000  0.00000       0.00000  0.00000  1.00000  0.00000
  0.00000  0.00000  0.00000  1.00000       0.00000  0.00000  0.00000  1.00000

  we get:
  0.78018  0.62556  0.00000 10.65967
 -0.62556  0.78018  0.00000  2.10228
  0.00000  0.00000  1.00000  0.00000
  0.00000  0.00000  0.00000  1.00000

  now we multiply the previous result * T 9:
  0.78018  0.62556  0.00000 10.65967       0.93184  0.36286  0.00000  2.00000
 -0.62556  0.78018  0.00000  2.10228      -0.36286  0.93184  0.00000  0.00000
  0.00000  0.00000  1.00000  0.00000       0.00000  0.00000  1.00000  0.00000
  0.00000  0.00000  0.00000  1.00000       0.00000  0.00000  0.00000  1.00000

  we get:
  0.50002  0.86602  0.00000 12.22003
 -0.86602  0.50002  0.00000  0.85116
  0.00000  0.00000  1.00000  0.00000
  0.00000  0.00000  0.00000  1.00000

  now we multiply the previous result * T 10:
  0.50002  0.86602  0.00000 12.22003       1.00000  0.00000  0.00000  1.56000
 -0.86602  0.50002  0.00000  0.85116       0.00000  1.00000  0.00000  0.00000
  0.00000  0.00000  1.00000  0.00000       0.00000  0.00000  1.00000  0.00000
  0.00000  0.00000  0.00000  1.00000       0.00000  0.00000  0.00000  1.00000

  we get:
  0.50002  0.86602  0.00000 13.00005
 -0.86602  0.50002  0.00000 -0.49982
  0.00000  0.00000  1.00000  0.00000
  0.00000  0.00000  0.00000  1.00000



  Tw = T1 . T2 . T3 . T4 . T5 . T6 . T7 . T8 . T9 . T10 :

  0.50002  0.86602  0.00000 13.00005
 -0.86602  0.50002  0.00000 -0.49982
  0.00000  0.00000  1.00000  0.00000
  0.00000  0.00000  0.00000  1.00000

